0001_L.png (1092, 744, 3)
0001_R.png (1092, 744, 3)
0002_L.png (1296, 792, 3)
0002_R.png (1296, 792, 3)
0003_L.png (900, 696, 3)
0003_R.png (900, 696, 3)
0004_L.png (792, 792, 3)
0004_R.png (792, 792, 3)
0005_L.png (1200, 792, 3)
0005_R.png (1200, 792, 3)
0006_L.png (1296, 696, 3)
0006_R.png (1296, 696, 3)
0007_L.png (1296, 696, 3)
0007_R.png (1296, 696, 3)
0008_L.png (1200, 696, 3)
0008_R.png (1200, 696, 3)
0009_L.png (996, 792, 3)
0009_R.png (996, 792, 3)
0010_L.png (1200, 696, 3)
0010_R.png (1200, 696, 3)
0011_L.png (1296, 792, 3)
0011_R.png (1296, 792, 3)
0012_L.png (1296, 792, 3)
0012_R.png (1296, 792, 3)
0013_L.png (1200, 696, 3)
0013_R.png (1200, 696, 3)
0014_L.png (1092, 696, 3)
0014_R.png (1092, 696, 3)
0015_L.png (792, 600, 3)
0015_R.png (792, 600, 3)
0016_L.png (1296, 600, 3)
0016_R.png (1296, 600, 3)
0017_L.png (1092, 600, 3)
0017_R.png (1092, 600, 3)
0018_L.png (1296, 792, 3)
0018_R.png (1296, 792, 3)
0019_L.png (996, 600, 3)
0019_R.png (996, 600, 3)
0020_L.png (1092, 696, 3)
0020_R.png (1092, 696, 3)
0021_L.png (1092, 696, 3)
0021_R.png (1092, 696, 3)
0022_L.png (1092, 600, 3)
0022_R.png (1092, 600, 3)
0023_L.png (1296, 792, 3)
0023_R.png (1296, 792, 3)
0024_L.png (1092, 792, 3)
0024_R.png (1092, 792, 3)
0025_L.png (1092, 696, 3)
0025_R.png (1092, 696, 3)
0026_L.png (900, 600, 3)
0026_R.png (900, 600, 3)
0027_L.png (1200, 696, 3)
0027_R.png (1200, 696, 3)
0028_L.png (1200, 792, 3)
0028_R.png (1200, 792, 3)
0029_L.png (1296, 696, 3)
0029_R.png (1296, 696, 3)
0030_L.png (2496, 1992, 3)
0030_R.png (2496, 1992, 3)
0031_L.png (1296, 696, 3)
0031_R.png (1296, 696, 3)
0032_L.png (1200, 1692, 3)
0032_R.png (1200, 1692, 3)
0033_L.png (1296, 696, 3)
0033_R.png (1296, 696, 3)
0034_L.png (696, 600, 3)
0034_R.png (696, 600, 3)
0035_L.png (996, 492, 3)
0035_R.png (996, 492, 3)
0036_L.png (996, 792, 3)
0036_R.png (996, 792, 3)
0037_L.png (1092, 792, 3)
0037_R.png (1092, 792, 3)
0038_L.png (1296, 696, 3)
0038_R.png (1296, 696, 3)
0039_L.png (1296, 696, 3)
0039_R.png (1296, 696, 3)
0040_L.png (900, 648, 3)
0040_R.png (900, 648, 3)
0041_L.png (996, 600, 3)
0041_R.png (996, 600, 3)
0042_L.png (1296, 792, 3)
0042_R.png (1296, 792, 3)
0043_L.png (1200, 696, 3)
0043_R.png (1200, 696, 3)
0044_L.png (1296, 696, 3)
0044_R.png (1296, 696, 3)
0045_L.png (1296, 696, 3)
0045_R.png (1296, 696, 3)
0046_L.png (1092, 792, 3)
0046_R.png (1092, 792, 3)
0047_L.png (1092, 792, 3)
0047_R.png (1092, 792, 3)
0048_L.png (792, 600, 3)
0048_R.png (792, 600, 3)
0049_L.png (996, 792, 3)
0049_R.png (996, 792, 3)
0050_L.png (1092, 696, 3)
0050_R.png (1092, 696, 3)
0051_L.png (1296, 792, 3)
0051_R.png (1296, 792, 3)
0052_L.png (1092, 792, 3)
0052_R.png (1092, 792, 3)
0053_L.png (1092, 696, 3)
0053_R.png (1092, 696, 3)
0054_L.png (900, 792, 3)
0054_R.png (900, 792, 3)
0055_L.png (996, 792, 3)
0055_R.png (996, 792, 3)
0056_L.png (996, 600, 3)
0056_R.png (996, 600, 3)
0057_L.png (1296, 792, 3)
0057_R.png (1296, 792, 3)
0058_L.png (996, 600, 3)
0058_R.png (996, 600, 3)
0059_L.png (996, 792, 3)
0059_R.png (996, 792, 3)
0060_L.png (1092, 696, 3)
0060_R.png (1092, 696, 3)
0061_L.png (1296, 792, 3)
0061_R.png (1296, 792, 3)
0062_L.png (900, 600, 3)
0062_R.png (900, 600, 3)
0063_L.png (1200, 792, 3)
0063_R.png (1200, 792, 3)
0064_L.png (1092, 792, 3)
0064_R.png (1092, 792, 3)
0065_L.png (900, 492, 3)
0065_R.png (900, 492, 3)
0066_L.png (900, 600, 3)
0066_R.png (900, 600, 3)
0067_L.png (600, 792, 3)
0067_R.png (600, 792, 3)
0068_L.png (1092, 792, 3)
0068_R.png (1092, 792, 3)
0069_L.png (1092, 792, 3)
0069_R.png (1092, 792, 3)
0070_L.png (1092, 792, 3)
0070_R.png (1092, 792, 3)
0071_L.png (1200, 792, 3)
0071_R.png (1200, 792, 3)
0072_L.png (1092, 648, 3)
0072_R.png (1092, 648, 3)
0073_L.png (996, 1200, 3)
0073_R.png (996, 1200, 3)
0074_L.png (900, 600, 3)
0074_R.png (900, 600, 3)
0075_L.png (900, 600, 3)
0075_R.png (900, 600, 3)
0076_L.png (900, 600, 3)
0076_R.png (900, 600, 3)
0077_L.png (1296, 696, 3)
0077_R.png (1296, 696, 3)
0078_L.png (1296, 792, 3)
0078_R.png (1296, 792, 3)
0079_L.png (1296, 696, 3)
0079_R.png (1296, 696, 3)
0080_L.png (1092, 696, 3)
0080_R.png (1092, 696, 3)
0081_L.png (1392, 792, 3)
0081_R.png (1392, 792, 3)
0082_L.png (996, 792, 3)
0082_R.png (996, 792, 3)
0083_L.png (996, 792, 3)
0083_R.png (996, 792, 3)
0084_L.png (1092, 600, 3)
0084_R.png (1092, 600, 3)
0085_L.png (1392, 792, 3)
0085_R.png (1392, 792, 3)
0086_L.png (996, 600, 3)
0086_R.png (996, 600, 3)
0087_L.png (996, 600, 3)
0087_R.png (996, 600, 3)
0088_L.png (996, 696, 3)
0088_R.png (996, 696, 3)
0089_L.png (900, 600, 3)
0089_R.png (900, 600, 3)
0090_L.png (996, 792, 3)
0090_R.png (996, 792, 3)
0091_L.png (1500, 696, 3)
0091_R.png (1500, 696, 3)
0092_L.png (792, 600, 3)
0092_R.png (792, 600, 3)
0093_L.png (1092, 696, 3)
0093_R.png (1092, 696, 3)
0094_L.png (1296, 792, 3)
0094_R.png (1296, 792, 3)
0095_L.png (1296, 792, 3)
0095_R.png (1296, 792, 3)
0096_L.png (1200, 696, 3)
0096_R.png (1200, 696, 3)
0097_L.png (1092, 696, 3)
0097_R.png (1092, 696, 3)
0098_L.png (996, 696, 3)
0098_R.png (996, 696, 3)
0099_L.png (1392, 792, 3)
0099_R.png (1392, 792, 3)
0100_L.png (1296, 696, 3)
0100_R.png (1296, 696, 3)
0101_L.png (1092, 492, 3)
0101_R.png (1092, 492, 3)
0102_L.png (1200, 792, 3)
0102_R.png (1200, 792, 3)
0103_L.png (900, 1092, 3)
0103_R.png (900, 1092, 3)
0104_L.png (1296, 696, 3)
0104_R.png (1296, 696, 3)
0105_L.png (996, 792, 3)
0105_R.png (996, 792, 3)
0106_L.png (1200, 792, 3)
0106_R.png (1200, 792, 3)
0107_L.png (1296, 696, 3)
0107_R.png (1296, 696, 3)
0108_L.png (996, 600, 3)
0108_R.png (996, 600, 3)
0109_L.png (792, 492, 3)
0109_R.png (792, 492, 3)
0110_L.png (1200, 792, 3)
0110_R.png (1200, 792, 3)
0111_L.png (1200, 792, 3)
0111_R.png (1200, 792, 3)
0112_L.png (1296, 792, 3)
0112_R.png (1296, 792, 3)
0113_L.png (1200, 792, 3)
0113_R.png (1200, 792, 3)
0114_L.png (996, 792, 3)
0114_R.png (996, 792, 3)
0115_L.png (1392, 792, 3)
0115_R.png (1392, 792, 3)
0116_L.png (1296, 696, 3)
0116_R.png (1296, 696, 3)
0117_L.png (1296, 792, 3)
0117_R.png (1296, 792, 3)
0118_L.png (996, 792, 3)
0118_R.png (996, 792, 3)
0119_L.png (1200, 696, 3)
0119_R.png (1200, 696, 3)
0120_L.png (1200, 696, 3)
0120_R.png (1200, 696, 3)
0121_L.png (1296, 696, 3)
0121_R.png (1296, 696, 3)
0122_L.png (1296, 696, 3)
0122_R.png (1296, 696, 3)
0123_L.png (1500, 696, 3)
0123_R.png (1500, 696, 3)
0124_L.png (1500, 696, 3)
0124_R.png (1500, 696, 3)
0125_L.png (996, 492, 3)
0125_R.png (996, 492, 3)
0126_L.png (1296, 792, 3)
0126_R.png (1296, 792, 3)
0127_L.png (900, 792, 3)
0127_R.png (900, 792, 3)
0128_L.png (1200, 696, 3)
0128_R.png (1200, 696, 3)
0129_L.png (996, 792, 3)
0129_R.png (996, 792, 3)
0130_L.png (1596, 792, 3)
0130_R.png (1596, 792, 3)
0131_L.png (996, 792, 3)
0131_R.png (996, 792, 3)
0132_L.png (900, 792, 3)
0132_R.png (900, 792, 3)
0133_L.png (1296, 792, 3)
0133_R.png (1296, 792, 3)
0134_L.png (1392, 792, 3)
0134_R.png (1392, 792, 3)
0135_L.png (1296, 696, 3)
0135_R.png (1296, 696, 3)
0136_L.png (1200, 696, 3)
0136_R.png (1200, 696, 3)
0137_L.png (996, 792, 3)
0137_R.png (996, 792, 3)
0138_L.png (1296, 600, 3)
0138_R.png (1296, 600, 3)
0139_L.png (996, 792, 3)
0139_R.png (996, 792, 3)
0140_L.png (600, 792, 3)
0140_R.png (600, 792, 3)
0141_L.png (1296, 792, 3)
0141_R.png (1296, 792, 3)
0142_L.png (1092, 600, 3)
0142_R.png (1092, 600, 3)
0143_L.png (1200, 600, 3)
0143_R.png (1200, 600, 3)
0144_L.png (1296, 696, 3)
0144_R.png (1296, 696, 3)
0145_L.png (1092, 696, 3)
0145_R.png (1092, 696, 3)
0146_L.png (1296, 600, 3)
0146_R.png (1296, 600, 3)
0147_L.png (1296, 792, 3)
0147_R.png (1296, 792, 3)
0148_L.png (1392, 792, 3)
0148_R.png (1392, 792, 3)
0149_L.png (1296, 792, 3)
0149_R.png (1296, 792, 3)
0150_L.png (1392, 792, 3)
0150_R.png (1392, 792, 3)
0151_L.png (1092, 792, 3)
0151_R.png (1092, 792, 3)
0152_L.png (1500, 696, 3)
0152_R.png (1500, 696, 3)
0153_L.png (996, 696, 3)
0153_R.png (996, 696, 3)
0154_L.png (900, 600, 3)
0154_R.png (900, 600, 3)
0155_L.png (1200, 792, 3)
0155_R.png (1200, 792, 3)
0156_L.png (996, 600, 3)
0156_R.png (996, 600, 3)
0157_L.png (1092, 792, 3)
0157_R.png (1092, 792, 3)
0158_L.png (996, 696, 3)
0158_R.png (996, 696, 3)
0159_L.png (1092, 792, 3)
0159_R.png (1092, 792, 3)
0160_L.png (1092, 792, 3)
0160_R.png (1092, 792, 3)
0161_L.png (996, 792, 3)
0161_R.png (996, 792, 3)
0162_L.png (900, 600, 3)
0162_R.png (900, 600, 3)
0163_L.png (1092, 792, 3)
0163_R.png (1092, 792, 3)
0164_L.png (1296, 696, 3)
0164_R.png (1296, 696, 3)
0165_L.png (996, 792, 3)
0165_R.png (996, 792, 3)
0166_L.png (1296, 792, 3)
0166_R.png (1296, 792, 3)
0167_L.png (1296, 792, 3)
0167_R.png (1296, 792, 3)
0168_L.png (1092, 792, 3)
0168_R.png (1092, 792, 3)
0169_L.png (1092, 792, 3)
0169_R.png (1092, 792, 3)
0170_L.png (1200, 792, 3)
0170_R.png (1200, 792, 3)
0171_L.png (1296, 792, 3)
0171_R.png (1296, 792, 3)
0172_L.png (996, 492, 3)
0172_R.png (996, 492, 3)
0173_L.png (1296, 696, 3)
0173_R.png (1296, 696, 3)
0174_L.png (1200, 792, 3)
0174_R.png (1200, 792, 3)
0175_L.png (1692, 1092, 3)
0175_R.png (1692, 1092, 3)
0176_L.png (1092, 792, 3)
0176_R.png (1092, 792, 3)
0177_L.png (1092, 792, 3)
0177_R.png (1092, 792, 3)
0178_L.png (900, 600, 3)
0178_R.png (900, 600, 3)
0179_L.png (1296, 696, 3)
0179_R.png (1296, 696, 3)
0180_L.png (1296, 696, 3)
0180_R.png (1296, 696, 3)
0181_L.png (1800, 996, 3)
0181_R.png (1800, 996, 3)
0182_L.png (1296, 696, 3)
0182_R.png (1296, 696, 3)
0183_L.png (1296, 792, 3)
0183_R.png (1296, 792, 3)
0184_L.png (996, 696, 3)
0184_R.png (996, 696, 3)
0185_L.png (1200, 792, 3)
0185_R.png (1200, 792, 3)
0186_L.png (1392, 792, 3)
0186_R.png (1392, 792, 3)
0187_L.png (1092, 792, 3)
0187_R.png (1092, 792, 3)
0188_L.png (996, 696, 3)
0188_R.png (996, 696, 3)
0189_L.png (1692, 1092, 3)
0189_R.png (1692, 1092, 3)
0190_L.png (1296, 792, 3)
0190_R.png (1296, 792, 3)
0191_L.png (1092, 792, 3)
0191_R.png (1092, 792, 3)
0192_L.png (996, 600, 3)
0192_R.png (996, 600, 3)
0193_L.png (1296, 696, 3)
0193_R.png (1296, 696, 3)
0194_L.png (1200, 696, 3)
0194_R.png (1200, 696, 3)
0195_L.png (996, 792, 3)
0195_R.png (996, 792, 3)
0196_L.png (996, 792, 3)
0196_R.png (996, 792, 3)
0197_L.png (1200, 792, 3)
0197_R.png (1200, 792, 3)
0198_L.png (1092, 792, 3)
0198_R.png (1092, 792, 3)
0199_L.png (996, 492, 3)
0199_R.png (996, 492, 3)
0200_L.png (1200, 600, 3)
0200_R.png (1200, 600, 3)
0201_L.png (900, 600, 3)
0201_R.png (900, 600, 3)
0202_L.png (1296, 492, 3)
0202_R.png (1296, 492, 3)
0203_L.png (996, 600, 3)
0203_R.png (996, 600, 3)
0204_L.png (1296, 696, 3)
0204_R.png (1296, 696, 3)
0205_L.png (1200, 792, 3)
0205_R.png (1200, 792, 3)
0206_L.png (1200, 792, 3)
0206_R.png (1200, 792, 3)
0207_L.png (1200, 792, 3)
0207_R.png (1200, 792, 3)
0208_L.png (1296, 792, 3)
0208_R.png (1296, 792, 3)
0209_L.png (900, 600, 3)
0209_R.png (900, 600, 3)
0210_L.png (1092, 696, 3)
0210_R.png (1092, 696, 3)
0211_L.png (1296, 792, 3)
0211_R.png (1296, 792, 3)
0212_L.png (792, 696, 3)
0212_R.png (792, 696, 3)
0213_L.png (1296, 696, 3)
0213_R.png (1296, 696, 3)
0214_L.png (996, 792, 3)
0214_R.png (996, 792, 3)
0215_L.png (1200, 792, 3)
0215_R.png (1200, 792, 3)
0216_L.png (1092, 600, 3)
0216_R.png (1092, 600, 3)
0217_L.png (1200, 696, 3)
0217_R.png (1200, 696, 3)
0218_L.png (996, 792, 3)
0218_R.png (996, 792, 3)
0219_L.png (996, 696, 3)
0219_R.png (996, 696, 3)
0220_L.png (900, 600, 3)
0220_R.png (900, 600, 3)
0221_L.png (1392, 792, 3)
0221_R.png (1392, 792, 3)
0222_L.png (1296, 600, 3)
0222_R.png (1296, 600, 3)
0223_L.png (1092, 792, 3)
0223_R.png (1092, 792, 3)
0224_L.png (900, 600, 3)
0224_R.png (900, 600, 3)
0225_L.png (1296, 696, 3)
0225_R.png (1296, 696, 3)
0226_L.png (1092, 792, 3)
0226_R.png (1092, 792, 3)
0227_L.png (1092, 792, 3)
0227_R.png (1092, 792, 3)
0228_L.png (1296, 696, 3)
0228_R.png (1296, 696, 3)
0229_L.png (1296, 792, 3)
0229_R.png (1296, 792, 3)
0230_L.png (1296, 792, 3)
0230_R.png (1296, 792, 3)
0231_L.png (900, 792, 3)
0231_R.png (900, 792, 3)
0232_L.png (1296, 792, 3)
0232_R.png (1296, 792, 3)
0233_L.png (1092, 792, 3)
0233_R.png (1092, 792, 3)
0234_L.png (1296, 696, 3)
0234_R.png (1296, 696, 3)
0235_L.png (1092, 696, 3)
0235_R.png (1092, 696, 3)
0236_L.png (1296, 792, 3)
0236_R.png (1296, 792, 3)
0237_L.png (1092, 900, 3)
0237_R.png (1092, 900, 3)
0238_L.png (996, 696, 3)
0238_R.png (996, 696, 3)
0239_L.png (1200, 792, 3)
0239_R.png (1200, 792, 3)
0240_L.png (1296, 696, 3)
0240_R.png (1296, 696, 3)
0241_L.png (900, 600, 3)
0241_R.png (900, 600, 3)
0242_L.png (996, 600, 3)
0242_R.png (996, 600, 3)
0243_L.png (1296, 792, 3)
0243_R.png (1296, 792, 3)
0244_L.png (1296, 792, 3)
0244_R.png (1296, 792, 3)
0245_L.png (1092, 696, 3)
0245_R.png (1092, 696, 3)
0246_L.png (1092, 696, 3)
0246_R.png (1092, 696, 3)
0247_L.png (996, 792, 3)
0247_R.png (996, 792, 3)
0248_L.png (996, 792, 3)
0248_R.png (996, 792, 3)
0249_L.png (1092, 696, 3)
0249_R.png (1092, 696, 3)
0250_L.png (1092, 600, 3)
0250_R.png (1092, 600, 3)
0251_L.png (996, 792, 3)
0251_R.png (996, 792, 3)
0252_L.png (1200, 792, 3)
0252_R.png (1200, 792, 3)
0253_L.png (1296, 696, 3)
0253_R.png (1296, 696, 3)
0254_L.png (996, 696, 3)
0254_R.png (996, 696, 3)
0255_L.png (1092, 792, 3)
0255_R.png (1092, 792, 3)
0256_L.png (996, 492, 3)
0256_R.png (996, 492, 3)
0257_L.png (1092, 792, 3)
0257_R.png (1092, 792, 3)
0258_L.png (1296, 696, 3)
0258_R.png (1296, 696, 3)
0259_L.png (1296, 696, 3)
0259_R.png (1296, 696, 3)
0260_L.png (1092, 696, 3)
0260_R.png (1092, 696, 3)
0261_L.png (1092, 600, 3)
0261_R.png (1092, 600, 3)
0262_L.png (1296, 696, 3)
0262_R.png (1296, 696, 3)
0263_L.png (792, 600, 3)
0263_R.png (792, 600, 3)
0264_L.png (996, 696, 3)
0264_R.png (996, 696, 3)
0265_L.png (1392, 696, 3)
0265_R.png (1392, 696, 3)
0266_L.png (1200, 696, 3)
0266_R.png (1200, 696, 3)
0267_L.png (1092, 792, 3)
0267_R.png (1092, 792, 3)
0268_L.png (996, 600, 3)
0268_R.png (996, 600, 3)
0269_L.png (1296, 792, 3)
0269_R.png (1296, 792, 3)
0270_L.png (1092, 792, 3)
0270_R.png (1092, 792, 3)
0271_L.png (1296, 696, 3)
0271_R.png (1296, 696, 3)
0272_L.png (1200, 792, 3)
0272_R.png (1200, 792, 3)
0273_L.png (1200, 792, 3)
0273_R.png (1200, 792, 3)
0274_L.png (1296, 792, 3)
0274_R.png (1296, 792, 3)
0275_L.png (1200, 792, 3)
0275_R.png (1200, 792, 3)
0276_L.png (1200, 696, 3)
0276_R.png (1200, 696, 3)
0277_L.png (1092, 792, 3)
0277_R.png (1092, 792, 3)
0278_L.png (1296, 792, 3)
0278_R.png (1296, 792, 3)
0279_L.png (696, 792, 3)
0279_R.png (696, 792, 3)
0280_L.png (1092, 792, 3)
0280_R.png (1092, 792, 3)
0281_L.png (1296, 792, 3)
0281_R.png (1296, 792, 3)
0282_L.png (1200, 696, 3)
0282_R.png (1200, 696, 3)
0283_L.png (996, 792, 3)
0283_R.png (996, 792, 3)
0284_L.png (996, 792, 3)
0284_R.png (996, 792, 3)
0285_L.png (1092, 792, 3)
0285_R.png (1092, 792, 3)
0286_L.png (792, 996, 3)
0286_R.png (792, 996, 3)
0287_L.png (1092, 696, 3)
0287_R.png (1092, 696, 3)
0288_L.png (1296, 792, 3)
0288_R.png (1296, 792, 3)
0289_L.png (1092, 492, 3)
0289_R.png (1092, 492, 3)
0290_L.png (1200, 792, 3)
0290_R.png (1200, 792, 3)
0291_L.png (1296, 696, 3)
0291_R.png (1296, 696, 3)
0292_L.png (1200, 792, 3)
0292_R.png (1200, 792, 3)
0293_L.png (1092, 792, 3)
0293_R.png (1092, 792, 3)
0294_L.png (1200, 792, 3)
0294_R.png (1200, 792, 3)
0295_L.png (1092, 792, 3)
0295_R.png (1092, 792, 3)
0296_L.png (1092, 696, 3)
0296_R.png (1092, 696, 3)
0297_L.png (1092, 792, 3)
0297_R.png (1092, 792, 3)
0298_L.png (1092, 696, 3)
0298_R.png (1092, 696, 3)
0299_L.png (1092, 696, 3)
0299_R.png (1092, 696, 3)
0300_L.png (792, 600, 3)
0300_R.png (792, 600, 3)
0301_L.png (1296, 600, 3)
0301_R.png (1296, 600, 3)
0302_L.png (1200, 792, 3)
0302_R.png (1200, 792, 3)
0303_L.png (900, 600, 3)
0303_R.png (900, 600, 3)
0304_L.png (1200, 696, 3)
0304_R.png (1200, 696, 3)
0305_L.png (996, 696, 3)
0305_R.png (996, 696, 3)
0306_L.png (996, 792, 3)
0306_R.png (996, 792, 3)
0307_L.png (900, 792, 3)
0307_R.png (900, 792, 3)
0308_L.png (1092, 600, 3)
0308_R.png (1092, 600, 3)
0309_L.png (1296, 696, 3)
0309_R.png (1296, 696, 3)
0310_L.png (1092, 696, 3)
0310_R.png (1092, 696, 3)
0311_L.png (900, 600, 3)
0311_R.png (900, 600, 3)
0312_L.png (996, 792, 3)
0312_R.png (996, 792, 3)
0313_L.png (1200, 792, 3)
0313_R.png (1200, 792, 3)
0314_L.png (996, 696, 3)
0314_R.png (996, 696, 3)
0315_L.png (900, 600, 3)
0315_R.png (900, 600, 3)
0316_L.png (1092, 792, 3)
0316_R.png (1092, 792, 3)
0317_L.png (1392, 600, 3)
0317_R.png (1392, 600, 3)
0318_L.png (1296, 600, 3)
0318_R.png (1296, 600, 3)
0319_L.png (996, 600, 3)
0319_R.png (996, 600, 3)
0320_L.png (900, 792, 3)
0320_R.png (900, 792, 3)
0321_L.png (900, 792, 3)
0321_R.png (900, 792, 3)
0322_L.png (1392, 792, 3)
0322_R.png (1392, 792, 3)
0323_L.png (996, 792, 3)
0323_R.png (996, 792, 3)
0324_L.png (1200, 696, 3)
0324_R.png (1200, 696, 3)
0325_L.png (1200, 696, 3)
0325_R.png (1200, 696, 3)
0326_L.png (1200, 792, 3)
0326_R.png (1200, 792, 3)
0327_L.png (1200, 600, 3)
0327_R.png (1200, 600, 3)
0328_L.png (1596, 792, 3)
0328_R.png (1596, 792, 3)
0329_L.png (900, 600, 3)
0329_R.png (900, 600, 3)
0330_L.png (1692, 600, 3)
0330_R.png (1692, 600, 3)
0331_L.png (900, 600, 3)
0331_R.png (900, 600, 3)
0332_L.png (996, 792, 3)
0332_R.png (996, 792, 3)
0333_L.png (1092, 696, 3)
0333_R.png (1092, 696, 3)
0334_L.png (1092, 900, 3)
0334_R.png (1092, 900, 3)
0335_L.png (1092, 792, 3)
0335_R.png (1092, 792, 3)
0336_L.png (996, 600, 3)
0336_R.png (996, 600, 3)
0337_L.png (1296, 696, 3)
0337_R.png (1296, 696, 3)
0338_L.png (1296, 792, 3)
0338_R.png (1296, 792, 3)
0339_L.png (1392, 792, 3)
0339_R.png (1392, 792, 3)
0340_L.png (1200, 696, 3)
0340_R.png (1200, 696, 3)
0341_L.png (1296, 696, 3)
0341_R.png (1296, 696, 3)
0342_L.png (1296, 696, 3)
0342_R.png (1296, 696, 3)
0343_L.png (1296, 792, 3)
0343_R.png (1296, 792, 3)
0344_L.png (996, 792, 3)
0344_R.png (996, 792, 3)
0345_L.png (1296, 792, 3)
0345_R.png (1296, 792, 3)
0346_L.png (996, 696, 3)
0346_R.png (996, 696, 3)
0347_L.png (1092, 696, 3)
0347_R.png (1092, 696, 3)
0348_L.png (1200, 696, 3)
0348_R.png (1200, 696, 3)
0349_L.png (996, 792, 3)
0349_R.png (996, 792, 3)
0350_L.png (1092, 792, 3)
0350_R.png (1092, 792, 3)
0351_L.png (1092, 792, 3)
0351_R.png (1092, 792, 3)
0352_L.png (1392, 792, 3)
0352_R.png (1392, 792, 3)
0353_L.png (1200, 792, 3)
0353_R.png (1200, 792, 3)
0354_L.png (1296, 492, 3)
0354_R.png (1296, 492, 3)
0355_L.png (1200, 696, 3)
0355_R.png (1200, 696, 3)
0356_L.png (1296, 792, 3)
0356_R.png (1296, 792, 3)
0357_L.png (900, 600, 3)
0357_R.png (900, 600, 3)
0358_L.png (1392, 792, 3)
0358_R.png (1392, 792, 3)
0359_L.png (996, 492, 3)
0359_R.png (996, 492, 3)
0360_L.png (1296, 492, 3)
0360_R.png (1296, 492, 3)
0361_L.png (1296, 600, 3)
0361_R.png (1296, 600, 3)
0362_L.png (1092, 792, 3)
0362_R.png (1092, 792, 3)
0363_L.png (1692, 1092, 3)
0363_R.png (1692, 1092, 3)
0364_L.png (1092, 696, 3)
0364_R.png (1092, 696, 3)
0365_L.png (696, 792, 3)
0365_R.png (696, 792, 3)
0366_L.png (1200, 792, 3)
0366_R.png (1200, 792, 3)
0367_L.png (1092, 792, 3)
0367_R.png (1092, 792, 3)
0368_L.png (1392, 792, 3)
0368_R.png (1392, 792, 3)
0369_L.png (1392, 792, 3)
0369_R.png (1392, 792, 3)
0370_L.png (1392, 792, 3)
0370_R.png (1392, 792, 3)
0371_L.png (900, 792, 3)
0371_R.png (900, 792, 3)
0372_L.png (1200, 600, 3)
0372_R.png (1200, 600, 3)
0373_L.png (996, 600, 3)
0373_R.png (996, 600, 3)
0374_L.png (1092, 792, 3)
0374_R.png (1092, 792, 3)
0375_L.png (1296, 696, 3)
0375_R.png (1296, 696, 3)
0376_L.png (1296, 696, 3)
0376_R.png (1296, 696, 3)
0377_L.png (1296, 792, 3)
0377_R.png (1296, 792, 3)
0378_L.png (792, 492, 3)
0378_R.png (792, 492, 3)
0379_L.png (1092, 792, 3)
0379_R.png (1092, 792, 3)
0380_L.png (996, 492, 3)
0380_R.png (996, 492, 3)
0381_L.png (1200, 792, 3)
0381_R.png (1200, 792, 3)
0382_L.png (996, 792, 3)
0382_R.png (996, 792, 3)
0383_L.png (996, 792, 3)
0383_R.png (996, 792, 3)
0384_L.png (1092, 792, 3)
0384_R.png (1092, 792, 3)
0385_L.png (1296, 696, 3)
0385_R.png (1296, 696, 3)
0386_L.png (1200, 792, 3)
0386_R.png (1200, 792, 3)
0387_L.png (1296, 696, 3)
0387_R.png (1296, 696, 3)
0388_L.png (1200, 696, 3)
0388_R.png (1200, 696, 3)
0389_L.png (1200, 696, 3)
0389_R.png (1200, 696, 3)
0390_L.png (1092, 696, 3)
0390_R.png (1092, 696, 3)
0391_L.png (1296, 696, 3)
0391_R.png (1296, 696, 3)
0392_L.png (1092, 792, 3)
0392_R.png (1092, 792, 3)
0393_L.png (1296, 792, 3)
0393_R.png (1296, 792, 3)
0394_L.png (1200, 696, 3)
0394_R.png (1200, 696, 3)
0395_L.png (996, 792, 3)
0395_R.png (996, 792, 3)
0396_L.png (1296, 600, 3)
0396_R.png (1296, 600, 3)
0397_L.png (1092, 696, 3)
0397_R.png (1092, 696, 3)
0398_L.png (1092, 792, 3)
0398_R.png (1092, 792, 3)
0399_L.png (1092, 696, 3)
0399_R.png (1092, 696, 3)
0400_L.png (1092, 792, 3)
0400_R.png (1092, 792, 3)
0401_L.png (1092, 792, 3)
0401_R.png (1092, 792, 3)
0402_L.png (1296, 696, 3)
0402_R.png (1296, 696, 3)
0403_L.png (1296, 792, 3)
0403_R.png (1296, 792, 3)
0404_L.png (996, 696, 3)
0404_R.png (996, 696, 3)
0405_L.png (996, 600, 3)
0405_R.png (996, 600, 3)
0406_L.png (900, 492, 3)
0406_R.png (900, 492, 3)
0407_L.png (996, 600, 3)
0407_R.png (996, 600, 3)
0408_L.png (1296, 600, 3)
0408_R.png (1296, 600, 3)
0409_L.png (1296, 600, 3)
0409_R.png (1296, 600, 3)
0410_L.png (1092, 792, 3)
0410_R.png (1092, 792, 3)
0411_L.png (996, 792, 3)
0411_R.png (996, 792, 3)
0412_L.png (996, 792, 3)
0412_R.png (996, 792, 3)
0413_L.png (1296, 792, 3)
0413_R.png (1296, 792, 3)
0414_L.png (1392, 696, 3)
0414_R.png (1392, 696, 3)
0415_L.png (1200, 792, 3)
0415_R.png (1200, 792, 3)
0416_L.png (1200, 696, 3)
0416_R.png (1200, 696, 3)
0417_L.png (1092, 696, 3)
0417_R.png (1092, 696, 3)
0418_L.png (1092, 696, 3)
0418_R.png (1092, 696, 3)
0419_L.png (1200, 600, 3)
0419_R.png (1200, 600, 3)
0420_L.png (1200, 600, 3)
0420_R.png (1200, 600, 3)
0421_L.png (996, 600, 3)
0421_R.png (996, 600, 3)
0422_L.png (996, 600, 3)
0422_R.png (996, 600, 3)
0423_L.png (1296, 696, 3)
0423_R.png (1296, 696, 3)
0424_L.png (1092, 600, 3)
0424_R.png (1092, 600, 3)
0425_L.png (1296, 792, 3)
0425_R.png (1296, 792, 3)
0426_L.png (900, 792, 3)
0426_R.png (900, 792, 3)
0427_L.png (1092, 792, 3)
0427_R.png (1092, 792, 3)
0428_L.png (996, 696, 3)
0428_R.png (996, 696, 3)
0429_L.png (1296, 792, 3)
0429_R.png (1296, 792, 3)
0430_L.png (996, 792, 3)
0430_R.png (996, 792, 3)
0431_L.png (900, 600, 3)
0431_R.png (900, 600, 3)
0432_L.png (996, 600, 3)
0432_R.png (996, 600, 3)
0433_L.png (996, 600, 3)
0433_R.png (996, 600, 3)
0434_L.png (1092, 792, 3)
0434_R.png (1092, 792, 3)
0435_L.png (996, 792, 3)
0435_R.png (996, 792, 3)
0436_L.png (1296, 792, 3)
0436_R.png (1296, 792, 3)
0437_L.png (1392, 600, 3)
0437_R.png (1392, 600, 3)
0438_L.png (1092, 792, 3)
0438_R.png (1092, 792, 3)
0439_L.png (1296, 792, 3)
0439_R.png (1296, 792, 3)
0440_L.png (1500, 696, 3)
0440_R.png (1500, 696, 3)
0441_L.png (996, 696, 3)
0441_R.png (996, 696, 3)
0442_L.png (1296, 600, 3)
0442_R.png (1296, 600, 3)
0443_L.png (1200, 600, 3)
0443_R.png (1200, 600, 3)
0444_L.png (996, 600, 3)
0444_R.png (996, 600, 3)
0445_L.png (1296, 696, 3)
0445_R.png (1296, 696, 3)
0446_L.png (1296, 600, 3)
0446_R.png (1296, 600, 3)
0447_L.png (1296, 600, 3)
0447_R.png (1296, 600, 3)
0448_L.png (1296, 792, 3)
0448_R.png (1296, 792, 3)
0449_L.png (1296, 792, 3)
0449_R.png (1296, 792, 3)
0450_L.png (1092, 696, 3)
0450_R.png (1092, 696, 3)
0451_L.png (1200, 792, 3)
0451_R.png (1200, 792, 3)
0452_L.png (1200, 696, 3)
0452_R.png (1200, 696, 3)
0453_L.png (1092, 696, 3)
0453_R.png (1092, 696, 3)
0454_L.png (1200, 696, 3)
0454_R.png (1200, 696, 3)
0455_L.png (996, 492, 3)
0455_R.png (996, 492, 3)
0456_L.png (792, 492, 3)
0456_R.png (792, 492, 3)
0457_L.png (1200, 600, 3)
0457_R.png (1200, 600, 3)
0458_L.png (1200, 792, 3)
0458_R.png (1200, 792, 3)
0459_L.png (996, 600, 3)
0459_R.png (996, 600, 3)
0460_L.png (1200, 696, 3)
0460_R.png (1200, 696, 3)
0461_L.png (900, 600, 3)
0461_R.png (900, 600, 3)
0462_L.png (1092, 792, 3)
0462_R.png (1092, 792, 3)
0463_L.png (1296, 696, 3)
0463_R.png (1296, 696, 3)
0464_L.png (1296, 792, 3)
0464_R.png (1296, 792, 3)
0465_L.png (996, 792, 3)
0465_R.png (996, 792, 3)
0466_L.png (1200, 696, 3)
0466_R.png (1200, 696, 3)
0467_L.png (996, 600, 3)
0467_R.png (996, 600, 3)
0468_L.png (1092, 792, 3)
0468_R.png (1092, 792, 3)
0469_L.png (1200, 600, 3)
0469_R.png (1200, 600, 3)
0470_L.png (996, 792, 3)
0470_R.png (996, 792, 3)
0471_L.png (1296, 792, 3)
0471_R.png (1296, 792, 3)
0472_L.png (996, 696, 3)
0472_R.png (996, 696, 3)
0473_L.png (1092, 792, 3)
0473_R.png (1092, 792, 3)
0474_L.png (1092, 792, 3)
0474_R.png (1092, 792, 3)
0475_L.png (1200, 696, 3)
0475_R.png (1200, 696, 3)
0476_L.png (1200, 792, 3)
0476_R.png (1200, 792, 3)
0477_L.png (900, 600, 3)
0477_R.png (900, 600, 3)
0478_L.png (1092, 792, 3)
0478_R.png (1092, 792, 3)
0479_L.png (1296, 792, 3)
0479_R.png (1296, 792, 3)
0480_L.png (996, 492, 3)
0480_R.png (996, 492, 3)
0481_L.png (1296, 792, 3)
0481_R.png (1296, 792, 3)
0482_L.png (1296, 696, 3)
0482_R.png (1296, 696, 3)
0483_L.png (996, 792, 3)
0483_R.png (996, 792, 3)
0484_L.png (996, 492, 3)
0484_R.png (996, 492, 3)
0485_L.png (1092, 792, 3)
0485_R.png (1092, 792, 3)
0486_L.png (996, 696, 3)
0486_R.png (996, 696, 3)
0487_L.png (1200, 696, 3)
0487_R.png (1200, 696, 3)
0488_L.png (1392, 696, 3)
0488_R.png (1392, 696, 3)
0489_L.png (1296, 696, 3)
0489_R.png (1296, 696, 3)
0490_L.png (1296, 696, 3)
0490_R.png (1296, 696, 3)
0491_L.png (1296, 696, 3)
0491_R.png (1296, 696, 3)
0492_L.png (1200, 792, 3)
0492_R.png (1200, 792, 3)
0493_L.png (792, 492, 3)
0493_R.png (792, 492, 3)
0494_L.png (1092, 792, 3)
0494_R.png (1092, 792, 3)
0495_L.png (1092, 792, 3)
0495_R.png (1092, 792, 3)
0496_L.png (900, 600, 3)
0496_R.png (900, 600, 3)
0497_L.png (1200, 792, 3)
0497_R.png (1200, 792, 3)
0498_L.png (1200, 792, 3)
0498_R.png (1200, 792, 3)
0499_L.png (1200, 696, 3)
0499_R.png (1200, 696, 3)
0500_L.png (900, 696, 3)
0500_R.png (900, 696, 3)
0501_L.png (1092, 792, 3)
0501_R.png (1092, 792, 3)
0502_L.png (1200, 792, 3)
0502_R.png (1200, 792, 3)
0503_L.png (1092, 792, 3)
0503_R.png (1092, 792, 3)
0504_L.png (1092, 600, 3)
0504_R.png (1092, 600, 3)
0505_L.png (996, 600, 3)
0505_R.png (996, 600, 3)
0506_L.png (900, 492, 3)
0506_R.png (900, 492, 3)
0507_L.png (1092, 600, 3)
0507_R.png (1092, 600, 3)
0508_L.png (996, 792, 3)
0508_R.png (996, 792, 3)
0509_L.png (1200, 792, 3)
0509_R.png (1200, 792, 3)
0510_L.png (1296, 696, 3)
0510_R.png (1296, 696, 3)
0511_L.png (1200, 696, 3)
0511_R.png (1200, 696, 3)
0512_L.png (1200, 696, 3)
0512_R.png (1200, 696, 3)
0513_L.png (1200, 792, 3)
0513_R.png (1200, 792, 3)
0514_L.png (900, 696, 3)
0514_R.png (900, 696, 3)
0515_L.png (696, 696, 3)
0515_R.png (696, 696, 3)
0516_L.png (1092, 792, 3)
0516_R.png (1092, 792, 3)
0517_L.png (1092, 792, 3)
0517_R.png (1092, 792, 3)
0518_L.png (1200, 792, 3)
0518_R.png (1200, 792, 3)
0519_L.png (1092, 696, 3)
0519_R.png (1092, 696, 3)
0520_L.png (1200, 792, 3)
0520_R.png (1200, 792, 3)
0521_L.png (1200, 492, 3)
0521_R.png (1200, 492, 3)
0522_L.png (1092, 1092, 3)
0522_R.png (1092, 1092, 3)
0523_L.png (1092, 696, 3)
0523_R.png (1092, 696, 3)
0524_L.png (1092, 696, 3)
0524_R.png (1092, 696, 3)
0525_L.png (1200, 792, 3)
0525_R.png (1200, 792, 3)
0526_L.png (1092, 996, 3)
0526_R.png (1092, 996, 3)
0527_L.png (1296, 696, 3)
0527_R.png (1296, 696, 3)
0528_L.png (696, 600, 3)
0528_R.png (696, 600, 3)
0529_L.png (996, 696, 3)
0529_R.png (996, 696, 3)
0530_L.png (996, 792, 3)
0530_R.png (996, 792, 3)
0531_L.png (1200, 600, 3)
0531_R.png (1200, 600, 3)
0532_L.png (1296, 696, 3)
0532_R.png (1296, 696, 3)
0533_L.png (1296, 696, 3)
0533_R.png (1296, 696, 3)
0534_L.png (996, 492, 3)
0534_R.png (996, 492, 3)
0535_L.png (1596, 996, 3)
0535_R.png (1596, 996, 3)
0536_L.png (900, 792, 3)
0536_R.png (900, 792, 3)
0537_L.png (996, 600, 3)
0537_R.png (996, 600, 3)
0538_L.png (1092, 696, 3)
0538_R.png (1092, 696, 3)
0539_L.png (1596, 1092, 3)
0539_R.png (1596, 1092, 3)
0540_L.png (1200, 792, 3)
0540_R.png (1200, 792, 3)
0541_L.png (996, 792, 3)
0541_R.png (996, 792, 3)
0542_L.png (1296, 792, 3)
0542_R.png (1296, 792, 3)
0543_L.png (1296, 792, 3)
0543_R.png (1296, 792, 3)
0544_L.png (996, 600, 3)
0544_R.png (996, 600, 3)
0545_L.png (1200, 696, 3)
0545_R.png (1200, 696, 3)
0546_L.png (1296, 696, 3)
0546_R.png (1296, 696, 3)
0547_L.png (1392, 792, 3)
0547_R.png (1392, 792, 3)
0548_L.png (600, 792, 3)
0548_R.png (600, 792, 3)
0549_L.png (1296, 696, 3)
0549_R.png (1296, 696, 3)
0550_L.png (1500, 792, 3)
0550_R.png (1500, 792, 3)
0551_L.png (900, 600, 3)
0551_R.png (900, 600, 3)
0552_L.png (1092, 792, 3)
0552_R.png (1092, 792, 3)
0553_L.png (1092, 600, 3)
0553_R.png (1092, 600, 3)
0554_L.png (996, 792, 3)
0554_R.png (996, 792, 3)
0555_L.png (1200, 792, 3)
0555_R.png (1200, 792, 3)
0556_L.png (1296, 792, 3)
0556_R.png (1296, 792, 3)
0557_L.png (792, 492, 3)
0557_R.png (792, 492, 3)
0558_L.png (900, 600, 3)
0558_R.png (900, 600, 3)
0559_L.png (900, 600, 3)
0559_R.png (900, 600, 3)
0560_L.png (696, 600, 3)
0560_R.png (696, 600, 3)
0561_L.png (792, 600, 3)
0561_R.png (792, 600, 3)
0562_L.png (1200, 492, 3)
0562_R.png (1200, 492, 3)
0563_L.png (792, 492, 3)
0563_R.png (792, 492, 3)
0564_L.png (1092, 600, 3)
0564_R.png (1092, 600, 3)
0565_L.png (996, 492, 3)
0565_R.png (996, 492, 3)
0566_L.png (1092, 600, 3)
0566_R.png (1092, 600, 3)
0567_L.png (996, 492, 3)
0567_R.png (996, 492, 3)
0568_L.png (900, 492, 3)
0568_R.png (900, 492, 3)
0569_L.png (996, 492, 3)
0569_R.png (996, 492, 3)
0570_L.png (996, 600, 3)
0570_R.png (996, 600, 3)
0571_L.png (900, 600, 3)
0571_R.png (900, 600, 3)
0572_L.png (996, 492, 3)
0572_R.png (996, 492, 3)
0573_L.png (996, 492, 3)
0573_R.png (996, 492, 3)
0574_L.png (900, 600, 3)
0574_R.png (900, 600, 3)
0575_L.png (2700, 2100, 3)
0575_R.png (2700, 2100, 3)
0576_L.png (900, 600, 3)
0576_R.png (900, 600, 3)
0577_L.png (996, 600, 3)
0577_R.png (996, 600, 3)
0578_L.png (900, 600, 3)
0578_R.png (900, 600, 3)
0579_L.png (996, 492, 3)
0579_R.png (996, 492, 3)
0580_L.png (996, 492, 3)
0580_R.png (996, 492, 3)
0581_L.png (996, 492, 3)
0581_R.png (996, 492, 3)
0582_L.png (900, 492, 3)
0582_R.png (900, 492, 3)
0583_L.png (792, 600, 3)
0583_R.png (792, 600, 3)
0584_L.png (900, 600, 3)
0584_R.png (900, 600, 3)
0585_L.png (792, 492, 3)
0585_R.png (792, 492, 3)
0586_L.png (1500, 600, 3)
0586_R.png (1500, 600, 3)
0587_L.png (696, 600, 3)
0587_R.png (696, 600, 3)
0588_L.png (1092, 1596, 3)
0588_R.png (1092, 1596, 3)
0589_L.png (900, 600, 3)
0589_R.png (900, 600, 3)
0590_L.png (996, 492, 3)
0590_R.png (996, 492, 3)
0591_L.png (996, 492, 3)
0591_R.png (996, 492, 3)
0592_L.png (996, 600, 3)
0592_R.png (996, 600, 3)
0593_L.png (792, 492, 3)
0593_R.png (792, 492, 3)
0594_L.png (792, 492, 3)
0594_R.png (792, 492, 3)
0595_L.png (492, 792, 3)
0595_R.png (492, 792, 3)
0596_L.png (492, 792, 3)
0596_R.png (492, 792, 3)
0597_L.png (492, 792, 3)
0597_R.png (492, 792, 3)
0598_L.png (492, 792, 3)
0598_R.png (492, 792, 3)
0599_L.png (492, 792, 3)
0599_R.png (492, 792, 3)
0600_L.png (492, 792, 3)
0600_R.png (492, 792, 3)
0601_L.png (600, 792, 3)
0601_R.png (600, 792, 3)
0602_L.png (492, 792, 3)
0602_R.png (492, 792, 3)
0603_L.png (792, 792, 3)
0603_R.png (792, 792, 3)
0604_L.png (492, 792, 3)
0604_R.png (492, 792, 3)
0605_L.png (600, 792, 3)
0605_R.png (600, 792, 3)
0606_L.png (492, 792, 3)
0606_R.png (492, 792, 3)
0607_L.png (600, 792, 3)
0607_R.png (600, 792, 3)
0608_L.png (1092, 696, 3)
0608_R.png (1092, 696, 3)
0609_L.png (1200, 792, 3)
0609_R.png (1200, 792, 3)
0610_L.png (492, 792, 3)
0610_R.png (492, 792, 3)
0611_L.png (600, 792, 3)
0611_R.png (600, 792, 3)
0612_L.png (792, 792, 3)
0612_R.png (792, 792, 3)
0613_L.png (600, 792, 3)
0613_R.png (600, 792, 3)
0614_L.png (696, 792, 3)
0614_R.png (696, 792, 3)
0615_L.png (492, 792, 3)
0615_R.png (492, 792, 3)
0616_L.png (492, 792, 3)
0616_R.png (492, 792, 3)
0617_L.png (492, 792, 3)
0617_R.png (492, 792, 3)
0618_L.png (792, 696, 3)
0618_R.png (792, 696, 3)
0619_L.png (492, 792, 3)
0619_R.png (492, 792, 3)
0620_L.png (492, 792, 3)
0620_R.png (492, 792, 3)
0621_L.png (492, 792, 3)
0621_R.png (492, 792, 3)
0622_L.png (600, 792, 3)
0622_R.png (600, 792, 3)
0623_L.png (600, 696, 3)
0623_R.png (600, 696, 3)
0624_L.png (696, 792, 3)
0624_R.png (696, 792, 3)
0625_L.png (696, 792, 3)
0625_R.png (696, 792, 3)
0626_L.png (492, 792, 3)
0626_R.png (492, 792, 3)
0627_L.png (492, 792, 3)
0627_R.png (492, 792, 3)
0628_L.png (600, 792, 3)
0628_R.png (600, 792, 3)
0629_L.png (600, 792, 3)
0629_R.png (600, 792, 3)
0630_L.png (600, 792, 3)
0630_R.png (600, 792, 3)
0631_L.png (492, 792, 3)
0631_R.png (492, 792, 3)
0632_L.png (492, 792, 3)
0632_R.png (492, 792, 3)
0633_L.png (696, 792, 3)
0633_R.png (696, 792, 3)
0634_L.png (600, 792, 3)
0634_R.png (600, 792, 3)
0635_L.png (792, 792, 3)
0635_R.png (792, 792, 3)
0636_L.png (600, 696, 3)
0636_R.png (600, 696, 3)
0637_L.png (696, 696, 3)
0637_R.png (696, 696, 3)
0638_L.png (600, 792, 3)
0638_R.png (600, 792, 3)
0639_L.png (600, 792, 3)
0639_R.png (600, 792, 3)
0640_L.png (600, 792, 3)
0640_R.png (600, 792, 3)
0641_L.png (696, 900, 3)
0641_R.png (696, 900, 3)
0642_L.png (600, 792, 3)
0642_R.png (600, 792, 3)
0643_L.png (600, 792, 3)
0643_R.png (600, 792, 3)
0644_L.png (600, 792, 3)
0644_R.png (600, 792, 3)
0645_L.png (600, 792, 3)
0645_R.png (600, 792, 3)
0646_L.png (600, 696, 3)
0646_R.png (600, 696, 3)
0647_L.png (600, 696, 3)
0647_R.png (600, 696, 3)
0648_L.png (600, 696, 3)
0648_R.png (600, 696, 3)
0649_L.png (492, 792, 3)
0649_R.png (492, 792, 3)
0650_L.png (492, 792, 3)
0650_R.png (492, 792, 3)
0651_L.png (492, 792, 3)
0651_R.png (492, 792, 3)
0652_L.png (492, 792, 3)
0652_R.png (492, 792, 3)
0653_L.png (492, 792, 3)
0653_R.png (492, 792, 3)
0654_L.png (492, 792, 3)
0654_R.png (492, 792, 3)
0655_L.png (600, 792, 3)
0655_R.png (600, 792, 3)
0656_L.png (492, 792, 3)
0656_R.png (492, 792, 3)
0657_L.png (492, 792, 3)
0657_R.png (492, 792, 3)
0658_L.png (492, 792, 3)
0658_R.png (492, 792, 3)
0659_L.png (492, 792, 3)
0659_R.png (492, 792, 3)
0660_L.png (492, 792, 3)
0660_R.png (492, 792, 3)
0661_L.png (492, 792, 3)
0661_R.png (492, 792, 3)
0662_L.png (492, 792, 3)
0662_R.png (492, 792, 3)
0663_L.png (600, 696, 3)
0663_R.png (600, 696, 3)
0664_L.png (492, 792, 3)
0664_R.png (492, 792, 3)
0665_L.png (492, 792, 3)
0665_R.png (492, 792, 3)
0666_L.png (492, 792, 3)
0666_R.png (492, 792, 3)
0667_L.png (492, 792, 3)
0667_R.png (492, 792, 3)
0668_L.png (600, 696, 3)
0668_R.png (600, 696, 3)
0669_L.png (492, 792, 3)
0669_R.png (492, 792, 3)
0670_L.png (492, 792, 3)
0670_R.png (492, 792, 3)
0671_L.png (492, 792, 3)
0671_R.png (492, 792, 3)
0672_L.png (600, 792, 3)
0672_R.png (600, 792, 3)
0673_L.png (492, 792, 3)
0673_R.png (492, 792, 3)
0674_L.png (492, 792, 3)
0674_R.png (492, 792, 3)
0675_L.png (492, 792, 3)
0675_R.png (492, 792, 3)
0676_L.png (600, 792, 3)
0676_R.png (600, 792, 3)
0677_L.png (792, 792, 3)
0677_R.png (792, 792, 3)
0678_L.png (696, 792, 3)
0678_R.png (696, 792, 3)
0679_L.png (600, 792, 3)
0679_R.png (600, 792, 3)
0680_L.png (492, 792, 3)
0680_R.png (492, 792, 3)
0681_L.png (600, 792, 3)
0681_R.png (600, 792, 3)
0682_L.png (600, 792, 3)
0682_R.png (600, 792, 3)
0683_L.png (492, 792, 3)
0683_R.png (492, 792, 3)
0684_L.png (600, 792, 3)
0684_R.png (600, 792, 3)
0685_L.png (600, 696, 3)
0685_R.png (600, 696, 3)
0686_L.png (600, 792, 3)
0686_R.png (600, 792, 3)
0687_L.png (600, 792, 3)
0687_R.png (600, 792, 3)
0688_L.png (600, 696, 3)
0688_R.png (600, 696, 3)
0689_L.png (492, 792, 3)
0689_R.png (492, 792, 3)
0690_L.png (600, 792, 3)
0690_R.png (600, 792, 3)
0691_L.png (600, 792, 3)
0691_R.png (600, 792, 3)
0692_L.png (600, 696, 3)
0692_R.png (600, 696, 3)
0693_L.png (600, 696, 3)
0693_R.png (600, 696, 3)
0694_L.png (600, 792, 3)
0694_R.png (600, 792, 3)
0695_L.png (492, 792, 3)
0695_R.png (492, 792, 3)
0696_L.png (492, 792, 3)
0696_R.png (492, 792, 3)
0697_L.png (600, 792, 3)
0697_R.png (600, 792, 3)
0698_L.png (492, 792, 3)
0698_R.png (492, 792, 3)
0699_L.png (600, 792, 3)
0699_R.png (600, 792, 3)
0700_L.png (492, 792, 3)
0700_R.png (492, 792, 3)
0701_L.png (492, 792, 3)
0701_R.png (492, 792, 3)
0702_L.png (492, 792, 3)
0702_R.png (492, 792, 3)
0703_L.png (492, 792, 3)
0703_R.png (492, 792, 3)
0704_L.png (600, 792, 3)
0704_R.png (600, 792, 3)
0705_L.png (600, 792, 3)
0705_R.png (600, 792, 3)
0706_L.png (696, 696, 3)
0706_R.png (696, 696, 3)
0707_L.png (600, 792, 3)
0707_R.png (600, 792, 3)
0708_L.png (696, 792, 3)
0708_R.png (696, 792, 3)
0709_L.png (600, 696, 3)
0709_R.png (600, 696, 3)
0710_L.png (492, 792, 3)
0710_R.png (492, 792, 3)
0711_L.png (492, 792, 3)
0711_R.png (492, 792, 3)
0712_L.png (492, 792, 3)
0712_R.png (492, 792, 3)
0713_L.png (600, 696, 3)
0713_R.png (600, 696, 3)
0714_L.png (600, 696, 3)
0714_R.png (600, 696, 3)
0715_L.png (492, 792, 3)
0715_R.png (492, 792, 3)
0716_L.png (600, 696, 3)
0716_R.png (600, 696, 3)
0717_L.png (492, 792, 3)
0717_R.png (492, 792, 3)
0718_L.png (492, 792, 3)
0718_R.png (492, 792, 3)
0719_L.png (600, 696, 3)
0719_R.png (600, 696, 3)
0720_L.png (600, 792, 3)
0720_R.png (600, 792, 3)
0721_L.png (600, 792, 3)
0721_R.png (600, 792, 3)
0722_L.png (600, 792, 3)
0722_R.png (600, 792, 3)
0723_L.png (600, 696, 3)
0723_R.png (600, 696, 3)
0724_L.png (600, 792, 3)
0724_R.png (600, 792, 3)
0725_L.png (600, 792, 3)
0725_R.png (600, 792, 3)
0726_L.png (492, 792, 3)
0726_R.png (492, 792, 3)
0727_L.png (600, 792, 3)
0727_R.png (600, 792, 3)
0728_L.png (600, 696, 3)
0728_R.png (600, 696, 3)
0729_L.png (696, 792, 3)
0729_R.png (696, 792, 3)
0730_L.png (600, 792, 3)
0730_R.png (600, 792, 3)
0731_L.png (600, 696, 3)
0731_R.png (600, 696, 3)
0732_L.png (600, 696, 3)
0732_R.png (600, 696, 3)
0733_L.png (600, 792, 3)
0733_R.png (600, 792, 3)
0734_L.png (600, 696, 3)
0734_R.png (600, 696, 3)
0735_L.png (600, 792, 3)
0735_R.png (600, 792, 3)
0736_L.png (600, 792, 3)
0736_R.png (600, 792, 3)
0737_L.png (600, 792, 3)
0737_R.png (600, 792, 3)
0738_L.png (600, 792, 3)
0738_R.png (600, 792, 3)
0739_L.png (600, 792, 3)
0739_R.png (600, 792, 3)
0740_L.png (492, 792, 3)
0740_R.png (492, 792, 3)
0741_L.png (600, 792, 3)
0741_R.png (600, 792, 3)
0742_L.png (600, 696, 3)
0742_R.png (600, 696, 3)
0743_L.png (600, 792, 3)
0743_R.png (600, 792, 3)
0744_L.png (600, 792, 3)
0744_R.png (600, 792, 3)
0745_L.png (600, 792, 3)
0745_R.png (600, 792, 3)
0746_L.png (492, 792, 3)
0746_R.png (492, 792, 3)
0747_L.png (600, 792, 3)
0747_R.png (600, 792, 3)
0748_L.png (600, 792, 3)
0748_R.png (600, 792, 3)
0749_L.png (600, 792, 3)
0749_R.png (600, 792, 3)
0750_L.png (600, 792, 3)
0750_R.png (600, 792, 3)
0751_L.png (1296, 696, 3)
0751_R.png (1296, 696, 3)
0752_L.png (600, 792, 3)
0752_R.png (600, 792, 3)
0753_L.png (1092, 792, 3)
0753_R.png (1092, 792, 3)
0754_L.png (492, 792, 3)
0754_R.png (492, 792, 3)
0755_L.png (600, 792, 3)
0755_R.png (600, 792, 3)
0756_L.png (600, 792, 3)
0756_R.png (600, 792, 3)
0757_L.png (600, 792, 3)
0757_R.png (600, 792, 3)
0758_L.png (600, 792, 3)
0758_R.png (600, 792, 3)
0759_L.png (600, 792, 3)
0759_R.png (600, 792, 3)
0760_L.png (600, 696, 3)
0760_R.png (600, 696, 3)
0761_L.png (600, 792, 3)
0761_R.png (600, 792, 3)
0762_L.png (492, 792, 3)
0762_R.png (492, 792, 3)
0763_L.png (600, 696, 3)
0763_R.png (600, 696, 3)
0764_L.png (600, 696, 3)
0764_R.png (600, 696, 3)
0765_L.png (600, 792, 3)
0765_R.png (600, 792, 3)
0766_L.png (792, 696, 3)
0766_R.png (792, 696, 3)
0767_L.png (600, 792, 3)
0767_R.png (600, 792, 3)
0768_L.png (600, 792, 3)
0768_R.png (600, 792, 3)
0769_L.png (600, 792, 3)
0769_R.png (600, 792, 3)
0770_L.png (600, 696, 3)
0770_R.png (600, 696, 3)
0771_L.png (492, 792, 3)
0771_R.png (492, 792, 3)
0772_L.png (492, 792, 3)
0772_R.png (492, 792, 3)
0773_L.png (600, 792, 3)
0773_R.png (600, 792, 3)
0774_L.png (600, 792, 3)
0774_R.png (600, 792, 3)
0775_L.png (492, 792, 3)
0775_R.png (492, 792, 3)
0776_L.png (492, 792, 3)
0776_R.png (492, 792, 3)
0777_L.png (492, 792, 3)
0777_R.png (492, 792, 3)
0778_L.png (600, 792, 3)
0778_R.png (600, 792, 3)
0779_L.png (696, 792, 3)
0779_R.png (696, 792, 3)
0780_L.png (600, 696, 3)
0780_R.png (600, 696, 3)
0781_L.png (492, 792, 3)
0781_R.png (492, 792, 3)
0782_L.png (996, 696, 3)
0782_R.png (996, 696, 3)
0783_L.png (600, 792, 3)
0783_R.png (600, 792, 3)
0784_L.png (600, 696, 3)
0784_R.png (600, 696, 3)
0785_L.png (600, 792, 3)
0785_R.png (600, 792, 3)
0786_L.png (600, 792, 3)
0786_R.png (600, 792, 3)
0787_L.png (492, 792, 3)
0787_R.png (492, 792, 3)
0788_L.png (600, 792, 3)
0788_R.png (600, 792, 3)
0789_L.png (600, 792, 3)
0789_R.png (600, 792, 3)
0790_L.png (600, 696, 3)
0790_R.png (600, 696, 3)
0791_L.png (600, 792, 3)
0791_R.png (600, 792, 3)
0792_L.png (600, 792, 3)
0792_R.png (600, 792, 3)
0793_L.png (600, 792, 3)
0793_R.png (600, 792, 3)
0794_L.png (600, 696, 3)
0794_R.png (600, 696, 3)
0795_L.png (492, 792, 3)
0795_R.png (492, 792, 3)
0796_L.png (492, 792, 3)
0796_R.png (492, 792, 3)
0797_L.png (492, 792, 3)
0797_R.png (492, 792, 3)
0798_L.png (600, 792, 3)
0798_R.png (600, 792, 3)
0799_L.png (600, 792, 3)
0799_R.png (600, 792, 3)
0800_L.png (492, 792, 3)
0800_R.png (492, 792, 3)
